19
28
37
46
55
64
73
82
91
109
118
127
136
145
154
163
172
181
190
208
217
226
235
244
253
262
271
280
299
307
316
325
334
343
352
361
370
389
398
406
415
424
433
442
451
460
479
488
497
505
514
523
532
541
550
569
578
587
598
604
613
622
631
640
659
668
677
686
695
703
712
721
730
749
758
767
776
785
794
802
811
820
839
848
857
866
875
884
893
901
910
929
938
947
956
965
974
983
992
1009
1018
1027
1036
1045
1054
1063
1072
1081
1090
1108
1117
1126
1135
1144
1153
1162
1171
1180
1199
1207
1216
1225
123